1 6 11105 6108 9129 11172 3137 9167
1 2 11105 6144
2 4 4345 4417 10320 7433 
2 11 7433 1284 12291 4362 7379 17265 4432 1424 7304 7644 7361 
2 8 4345 4417 10320 10174 12221 1282 4342 4285 
3 4 3778 4270 5834 4345 
2 9 3775 6797 9580 11567 3605 6625 4270 5834 4345 
2 14 3775 3763 11695 722 9711 9724 11669 6769 9684 11685 11641 9654 6713 9450 
3 7 6510 6676 9634 3661 3635 6630 3778 
2 14 6510 9467 12278 12582 602 777 10718 4775 7899 1769 4875 4426 1873 4872 
2 14 4872 1873 4426 4875 11571 13094 7794 10718 1782 17266 4869 1299 9480 6510 
2 3 12603 10611 4739 
2 5 4739 9669 6726 515 3010 
2 8 4739 3481 12663 12593 4218 3721 12688 4872 
2 6 4872 12688 3721 1848 1788 12603 
2 6 12603 10611 11440 10684 3706 7787 
1 9 1408 4413 1858 7853 4343 4877 17231 4765 7787 
1 11 3010 14613 6754 1347 17278 7761 1737 7853 1858 4413 1408 
2 4 7315 10157 4428 1408 
3 3 10327 12214 7315 
2 4 7315 7386 10271 12211 
2 2 12603 4759 
2 5 4759 10709 1836 1752 3719 
4 4 3719 10618 6752 1866 
2 2 9450 12357 
2 8 12357 9657 926 1760 10526 3699 1719 1866 
2 6 1866 4807 4664 10341 12456 12357 
2 9 9450 12368 6737 11589 1560 10341 4664 4807 1866 
1 8 6710 11656 691 695 11641 9654 6713 9450 
2 7 6710 9724 9711 722 11695 749 11654 
2 5 9450 6713 9654 11637 689 
2 4 689 3685 9825 6890 
2 5 6890 882 3687 6707 11654 
2 4 6732 3906 9832 11830 
2 10 4345 7345 17268 11662 10381 11665 3806 6911 15744 3878 
2 5 11830 6909 9847 15744 3878 
2 2 3878 6882 
2 3 6882 3863 6845 
2 3 6845 3824 6984 
3 2 6984 3957 
2 5 3957 873 3823 11841 10412 
2 8 6845 6869 11785 9804 847 3850 880 11800 
2 5 11800 9808 827 7528 6855 
2 11 9450 6713 9653 870 11791 3872 659 3853 6874 9808 11800 
2 6 1595 9796 831 11776 11760 6855 
2 2 1595 4527 
2 11 4527 4601 9775 9760 7528 3975 801 9923 6823 6929 3957 
2 6 12211 3513 12183 7865 12553 9616 
2 6 1866 9880 7536 12577 12646 10666 
2 9 9450 12312 11589 10478 7306 12418 11788 10666 12586 
2 6 12586 7852 3855 3613 4760 4723 
2 9 9450 12368 6737 10393 7539 1586 1678 9892 12586 
1 6 1595 4531 4437 10461 9682 9450 
2 11 11654 734 3733 3702 9708 1436 9693 3806 6911 15744 3878 
2 4 6696 1881 10448 1595 
2 4 6696 12709 12568 9727 
2 3 4527 1445 9727 
2 4 1572 12381 1480 11975 
2 6 1843 9834 10489 866 12439 1572 
2 3 1572 1584 7388 
2 6 1572 12353 1433 12470 10492 12384 
2 3 12735 7422 492 
1 4 12384 7583 860 492 
2 3 492 10520 7480 
2 4 4464 7524 1453 7552 
2 3 10449 1453 7552 
2 4 7552 1453 1643 1528 
2 5 1528 12401 6968 9829 3960 
2 4 3960 10861 10504 10337 
2 7 10337 1500 12313 4507 4535 1453 7552 
2 5 10337 12410 4884 2042 6785 
2 4 10337 12341 1927 12782 
2 5 3960 7981 5022 1927 12782 
2 3 6785 12369 5015 
3 3 12782 6987 5061 
2 6 12782 2019 12728 5038 10894 10740 
2 2 3834 853 
2 5 3834 7920 5044 12791 10740 
2 3 3960 9829 5001 
2 6 5001 7485 12458 12489 4444 1646 
2 3 7202 1547 11975 
1 4 10412 3925 11738 788 
2 5 7202 10029 7012 4491 7138 
2 7 12384 638 10394 1485 4653 4491 7138 
1 10 788 6943 11783 7045 7083 11927 7134 7012 10029 7202 
1 4 1132 4168 6943 788 
1 4 7138 7083 12054 1132 
1 5 10412 9931 12445 10081 7138 
1 3 4464 7668 7480 
1 6 873 951 11873 10343 1506 7646 
1 5 9727 12637 4627 7466 7646 
1 4 9727 1582 9779 913 
1 7 7622 10498 7451 10374 4476 7546 1550 
2 3 8252 5051 12798 
1 3 10909 7791 913 
2 3 12384 5090 10909 
1 4 12735 12803 968 10909 
2 5 12735 10192 5059 10824 12501 
2 4 12501 1987 10615 7797 
1 2 1646 7797 
2 6 7797 7464 10753 17304 1587 12735 
2 4 10449 10410 4510 1646 
2 4 6696 6974 12670 12501 
2 6 1595 12437 1604 7626 12305 4569 
2 7 4569 12305 10457 12497 7611 9682 9450 
1 4 4569 1621 12361 10717 
1 3 10717 1564 1534 
1 5 4569 12346 12463 10370 1534 
2 5 4569 4449 4540 4625 7797 
2 10 9450 12368 6737 10339 1527 4590 7449 7607 12361 10717 
1 7 1866 9880 1867 12667 12620 3750 1747 
2 9 4723 10640 10711 1815 12651 17296 1851 12585 4860 
1 3 4860 10593 10624 
2 4 12211 3513 4328 4274 
2 5 4274 10151 3471 6665 3588 
2 6 4274 10151 4347 4331 6665 3588 
3 3 3588 9697 9713 
2 4 9671 14635 3678 6699 
3 5 4518 6876 6694 6699 9713 
2 4 4518 9911 941 10387 
1 3 10387 10483 9814 
1 4 9814 11757 7517 1562 
1 3 1562 12374 7986 
2 3 7986 8115 853 
1 4 10387 12303 4727 7986 
2 7 10327 12673 12124 3781 6742 7779 4860 
2 11 4860 12572 4857 7880 1767 6722 12566 1836 4772 1752 3719 
2 4 10624 4863 7883 4759 
2 9 10624 10593 1857 1854 4838 1832 10693 1690 10327 
2 5 10717 7834 1352 7892 4740 
2 4 1534 9802 4811 4740 
2 3 1534 2043 1806 
2 6 3960 2082 8025 5103 1618 1806 
1 3 1806 7904 10798 
1 3 10798 11802 4740 
2 5 3960 9920 5085 3875 3972 
2 3 10798 10702 3972 
2 5 4740 11802 7762 2055 3972 
2 2 3972 9908 
2 5 9908 12624 4586 10340 4740 
2 6 9908 12893 10867 8070 3867 10740 
2 4 10740 12791 3883 4975 
2 3 4975 10642 12627 
2 5 4740 10340 4586 1738 12627 
2 3 12627 10588 1827 
2 10 10717 7834 4757 12513 1753 10532 4871 12570 12642 1827 
2 9 10717 7834 1352 7892 12024 4814 4586 1738 12627 
2 3 1827 7780 4723 
1 3 853 1793 11814 
1 4 11814 4799 4657 10387 
1 4 853 7747 6897 10573 
1 4 10573 10645 12552 4975 
1 4 10573 7821 12765 11814 
1 10 12627 9792 868 1658 6887 1756 4742 10662 15347 4865 
2 8 4865 10651 12573 12699 850 4799 4657 10387 
3 10 4865 10651 10591 7827 4736 17286 10422 11698 710 9713 
2 4 4865 10582 17307 12535 
2 4 9616 10556 1789 12535 
2 6 12535 7888 12633 12561 10640 4723 
1 2 12617 12604 
2 9 4543 1565 7887 1713 7783 1786 12617 4804 1814 
1 3 1801 7692 4804 
2 4 2197 5195 2203 2211 
1 4 1639 12494 14913 10935 
1 3 10946 14772 8143 
1 5 5168 1446 10967 5182 10998 
1 2 5168 2227 
2 7 4696 12547 17836 13494 13493 13492 12589 
1 3 10968 12925 5117 
3 6 6103 11374 16366 271 16367 322 
1 4 3501 13070 11333 6103 
1 5 9458 16328 16362 16363 6103 
1 5 3369 11471 9239 16331 16363 
1 7 11471 6351 9484 3463 9562 11406 540 
1 4 3369 6378 16337 377 
1 6 16337 3241 6301 3301 3205 6384 
1 9 11297 9269 16343 11382 16335 296 11253 16332 6103 
1 10 16363 15127 6221 6270 9297 11345 16336 16358 9315 16343 
2 6 6384 16340 16342 6318 16344 9315 
1 19 16340 6335 6399 16345 16347 11332 9285 11218 9350 16351 6395 16377 3273 9383 6300 16360 3150 11136 200 
1 14 9075 16354 16355 6300 16374 9392 11378 11299 351 11270 16369 9332 9379 9315 
2 8 11293 18611 303 9310 6313 6289 9284 7394 
1 5 3379 3242 18612 3359 11293 
1 3 385 18599 3242 
1 4 5015 10769 14524 12835 
1 5 12835 2461 14528 14527 5061 
2 6 12835 17007 16989 7973 10853 8003 
1 9 10853 17063 17025 17035 10738 10172 2567 2008 5876 
2 14 4956 14510 5876 14509 14480 14593 14502 1965 5393 17134 8089 17325 16895 12810 
1 3 4956 1952 14522 
1 5 4956 2709 17145 14518 5021 
2 5 5021 2083 14522 12721 12835 
1 9 8032 14497 14498 13089 17124 4887 12755 5852 14593 
2 16 13089 5052 12873 17327 17313 10895 8057 1945 14525 17322 4977 4908 10765 245 8012 3834 
1 6 8003 10916 10830 12745 8097 10740 
2 10 10886 10842 14479 16922 17330 17319 14483 16984 14496 12810 
1 11 10999 2153 17414 12996 17428 17479 17482 17420 17481 10513 5112 
2 6 10980 17482 17420 12334 7589 7476 
2 9 10513 10360 12972 5186 7636 12937 2181 10959 8189 
1 3 7636 14783 12977 
1 4 10360 10947 11008 8181 
2 7 8181 5156 1529 1542 7594 4589 4604 
1 3 4548 12396 1542 
1 7 4604 1626 1613 12496 15306 15305 10362 
1 19 5169 17490 14810 14811 14814 5121 17492 17819 14820 8251 14826 14828 14829 8229 17521 14834 650 15508 8222 
1 33 2182 15496 2210 13288 15499 13287 15506 13086 5131 14867 13303 8217 14865 13301 14864 14863 12994 14862 5171 14849 5228 14847 14856 14855 14846 8194 14845 14844 5191 14841 17513 14838 650 
1 2 5166 15496 
1 32 13086 14888 15359 15339 5230 17522 15336 17543 12930 12979 5229 17504 10944 15065 2224 11001 14899 8216 17485 15051 14890 14980 14977 14937 14947 14964 7500 14954 17500 15260 14946 12364 
1 6 14849 5192 15043 15033 15068 8216 
1 5 7500 14999 14958 15095 12942 
1 14 12364 15257 15260 14891 10515 12453 14962 10943 15034 8187 14984 12964 2173 2152 
1 12 14838 14953 10992 8215 14955 5152 5184 15062 15093 7550 12351 17500 
1 2 10418 12394 
1 6 14946 10402 15044 12394 12409 1639 
1 6 7621 4573 1555 17524 15259 12364 
1 3 4696 15360 1833 
2 7 4696 13491 17831 13499 17829 17827 10697 
3 11 10697 17825 5231 15366 13523 13529 15371 12064 19186 2171 10400 
1 4 2213 13554 13553 19186 
1 10 7576 13506 13508 13513 1468 15384 4556 13527 15370 13529 
1 10 10400 13555 17844 13565 1688 13571 13569 15376 10566 8245 
1 8 5231 13520 13530 13536 13544 13545 13632 8214 
2 17 8214 13646 15839 15685 13674 13695 13704 15383 13722 1874 13723 10929 17846 7842 17855 13710 2120 
1 9 13722 13739 13756 5199 13778 13788 12504 13816 191 
2 3 4879 13652 10963 
2 2 2229 10963 
2 9 10963 13636 7605 13626 5203 13573 1509 13525 10697 
1 8 2196 13873 8205 17878 12911 17870 13882 13885 
1 9 5210 8183 13913 13921 15532 1939 13933 15529 5160 
1 2 12766 13250 
1 6 5010 13239 14085 7980 14101 8124 
2 11 12806 14205 18513 14221 12881 18480 2046 14252 7989 18491 18515 
1 3 12725 14261 2046 
2 13 4076 7164 15772 10073 7011 3996 15785 1068 7144 11974 12044 15791 12071 
2 4 10073 15771 15769 11964 
1 4 10073 15780 14423 12049 
1 25 12049 1155 11979 4161 14453 4088 4206 1201 18585 1065 15804 7170 18591 14454 7151 18594 11976 18582 13471 12455 2027 13470 13466 10835 12758 
1 3 1086 7107 4206 
1 7 7170 15736 18456 4111 16271 18597 792 
1 9 16271 4550 16270 1056 16275 8911 12473 14686 3889 
1 9 2050 15203 14048 12900 2025 14090 14120 3619 4972 
1 6 4948 12710 14209 8015 14173 2012 
2 38 4108 18102 4139 10023 18067 7069 10070 18063 7100 11987 18068 7173 18020 1111 18035 18074 4116 7132 4150 18084 12760 18064 9964 3959 1145 11939 4131 18082 18076 12051 7065 7081 1160 4163 18062 7180 11969 9994 
1 6 7100 18069 18066 10113 15111 9945 
1 4 7173 18018 15112 12100 
2 4 7180 7077 10091 11921 
1 5 9943 12888 18077 12034 12051 
1 8 4150 18071 18051 3991 18043 18052 4154 4933 
1 8 15765 2089 16319 15754 15749 18451 18454 8001 
1 9 18454 15753 15752 2097 13900 16320 3795 16287 10106 
1 19 18702 7953 15159 15160 18783 18760 2065 15154 15155 18769 13614 18729 10837 18766 18750 18736 18801 18737 7602 
1 20 5075 5043 15996 8013 5105 8066 8098 7049 16019 10735 1971 19002 10898 18917 8007 16025 18954 10066 10772 10729 
1 7 16019 4382 7084 16018 4110 10108 3456 
2 10 4110 1980 10847 4984 13482 16063 1908 16061 16040 2086 
3 6 2086 16043 18892 5086 18933 16046 
1 11 16046 18896 1377 18943 9973 18903 12786 18891 10751 16100 4516 
2 9 4516 18905 4544 18945 7593 4644 10077 4204 4245 
2 13 4204 18982 16114 16107 7593 18840 12035 1637 10471 2005 10332 7938 5040 
1 9 16114 18888 16118 18935 16117 10349 16121 16136 7455 
1 7 18982 1609 16156 10443 18935 7565 12338 
1 9 12366 1497 12423 18846 16140 11968 12010 18847 9991 
1 5 7938 18950 18922 18914 16100 
1 7 5040 16078 18909 18826 18951 18897 16046 
1 4 16046 5055 15523 5040 
1 19 5040 18825 18827 18942 16077 12799 4950 4557 16081 10401 7574 18984 9946 10428 16111 16106 10358 18977 10077 
1 21 4204 4062 4104 18978 1101 18831 18842 10060 12462 10001 10255 18963 1228 7340 4280 4472 12114 8087 18957 10324 1359 
1 4 1359 19003 5104 8087 
1 7 5104 16093 10756 16095 12779 7310 18958 
1 13 7340 4321 1430 10152 12180 1344 10278 7436 16150 1268 1409 4416 7265 
1 4 1321 18863 10246 4416 
1 11 7447 10274 7363 8067 10808 18983 19005 8011 8100 4414 10756 
1 3 19005 18958 10278 
1 13 8100 10208 4278 12105 7250 16092 12295 10210 12182 10270 19011 12269 1349 
1 5 1349 7119 16090 12142 1359 
1 12 1349 7013 16067 4187 16066 7150 18990 9975 16069 1144 18992 4132 
1 4 7244 10190 7391 7447 
2 8 9975 16071 1103 16060 13481 2054 16064 1908 
1 7 4950 18975 16074 7430 7060 4072 16067 
2 10 2086 16039 2032 16036 18944 16033 10729 18925 10887 18830 
1 5 18830 18989 8022 16005 12763 
1 8 2086 19006 12868 2002 16037 16035 18927 10772 
1 6 7260 16151 7344 16155 10287 10201 
1 6 4425 1082 12464 19146 19152 1492 
2 9 1492 12404 12449 15520 13734 19130 19025 10154 1330 
2 4 10154 10283 19150 10344 
1 4 19130 1417 4336 1403 
2 9 1488 7492 19093 19129 12173 10221 10250 19090 7408 
1 30 7408 19154 1427 12122 12220 4388 1308 19019 1281 12201 4312 1337 4371 7236 19122 1291 19032 12215 14700 14697 4412 14696 10297 19103 7427 4424 14694 14693 14699 12299 
1 6 4401 19140 19067 19075 7271 10162 
1 13 10137 10309 4379 1302 7280 19060 12297 4397 10016 11936 1185 19085 4075 
1 9 4075 19018 12075 10075 12319 1522 19562 19533 1319 
1 6 10062 7108 1047 12095 1120 9970 
2 8 7186 7214 15892 11959 15895 15893 1091 12068 
1 7 7199 7172 4083 19470 19480 3992 1628 
1 9 7101 19829 10517 19908 7097 19453 9999 13869 4619 
2 8 4619 19897 19846 9934 19815 7568 7540 10364 
1 10 7418 7301 12713 5092 4547 4519 19820 19881 19870 10364 
2 10 1519 12344 12078 4093 4190 7000 16878 12026 19808 9843 
2 4 9843 11761 16908 16916 
4 35 16916 14183 12043 1052 3900 19474 14625 19461 6837 9835 16913 11815 6951 19804 11771 987 3895 3839 3970 6981 11835 912 9790 4052 11915 15860 19914 7125 19891 1100 15859 11977 10085 19512 4056 
2 4 11977 15857 10110 11948 
2 6 7125 15855 9981 848 10083 6928 
1 10 6928 3981 3852 19615 6922 959 6822 898 6944 9897 
2 9 4190 9070 1188 1169 19840 4114 11816 19823 10364 
1 13 16916 4137 19884 11980 7189 19927 1069 12045 19559 4071 19880 7089 19845 
2 5 1069 10072 10043 19867 7025 
1 5 19867 4010 7129 7656 19823 
1 25 7025 9995 19817 11916 19882 10008 1146 19853 11913 19872 996 19836 16929 10076 19802 12076 7014 19809 4042 19822 7191 11991 1096 19590 9974 
1 6 11752 10397 952 9776 19772 9843 
2 5 4506 7582 19888 16947 10433 
2 6 4572 14633 4642 916 11808 11771 
1 9 4572 7663 11864 8970 9913 3947 11862 6964 9897 
1 8 9897 973 9766 11906 3843 810 3977 957 
1 6 11906 19551 10503 5623 12412 10433 
1 10 4506 19828 1588 19813 19851 12618 19463 19472 19455 4725 
2 10 19828 19831 19571 7894 19529 13150 8295 8345 4719 5839 
1 8 1150 6851 3783 964 11764 9781 19883 11771 
1 4 12421 10512 19468 10444 
2 3 10444 7532 3962 
1 3 3962 9859 6994 
2 13 6994 9865 15886 1063 19732 4067 11930 1117 12007 15877 11908 15882 1182 
2 24 6994 19457 3848 12056 19778 7169 1024 4118 7016 4100 1097 1182 16956 9998 19771 7157 7087 12097 15878 10125 7187 7217 10015 15877 
1 4 12007 15880 10128 10032 
2 4 10032 7102 4172 7187 
2 20 4172 1067 11960 7072 15873 12031 7212 11946 1092 10052 11985 15869 7050 1191 7145 1167 10055 9985 1136 11960 
1 2 11985 1025 
2 7 1025 7110 4164 11925 12006 1183 4102 
1 3 7110 15862 9950 
2 17 7381 19207 19363 19298 19333 4621 19229 15716 4434 15709 7642 10135 19282 15665 19211 15711 4608 
1 4 7669 1431 12104 1454 
2 11 7566 4560 10460 10487 10475 7651 12308 4481 7522 7535 7564 
1 10 7564 10430 12451 2997 7471 4478 1537 4864 8812 12406 
2 3 12406 12435 7859 
2 15 12435 3023 1861 1667 7755 12576 7798 19931 4776 12932 12924 12910 10925 5225 8186 
1 9 5225 5211 8249 2114 11019 12377 10682 10427 8812 
1 13 8186 19930 5183 5197 12948 2191 10969 8200 10949 1526 10983 2157 1652 
2 16 957 19911 6989 11750 6684 664 6686 11643 10466 12189 4805 12261 12678 7801 10655 4725 
1 10 4725 7763 12657 19250 5331 7851 12543 10559 12622 5839 
2 10 19828 12485 19871 19896 4633 930 14626 9831 846 11771 
1 5 4572 19918 7652 19838 10433 
2 13 5839 14671 5141 10683 8527 13419 8549 4766 8624 4837 16999 1727 4797 
1 14 12691 10639 10712 5514 1685 1369 4665 10652 7825 7274 1860 1733 12679 10696 
1 9 12691 4818 1876 1813 10549 10661 12540 8697 4797 
2 12 10696 4700 12652 10600 3472 7774 7846 4824 10189 1543 9553 1821 
2 14 10696 1709 7800 4780 12521 1294 1775 1292 1327 9292 1233 12287 10133 1821 
2 16 10133 7320 3280 361 11228 7375 1336 11352 7346 12203 9293 370 3027 3139 272 6124 
2 10 11225 9243 6226 6302 3276 286 3317 11269 9409 6248 
2 34 11225 11348 393 3357 3330 6515 9420 12128 3563 4322 1254 4294 7370 10253 12294 1314 4227 4374 4300 7243 7600 7657 12329 7597 10366 7507 7777 14304 1459 18687 14351 17962 7501 1573 
1 12 1573 18625 4499 1649 7618 8099 12333 12491 4599 7635 7563 7477 
2 13 11225 11377 11256 3265 4324 4283 1305 1278 12117 10185 1334 12157 9292 
2 21 361 12216 10286 12626 206 7403 6278 6388 3300 3251 9336 260 6338 11243 11356 9373 6253 3224 3352 11277 11344 
2 14 11375 3303 11344 11394 11262 11309 6248 9258 6409 18314 6353 3304 313 9422 
2 12 11375 6299 6295 6231 3370 280 378 6316 11362 3290 301 6380 
2 9 3290 9235 11217 9311 3202 18278 6410 18252 11344 
2 9 3578 6450 3426 9460 433 11408 18324 6587 9422 
1 9 18324 11408 9564 3539 11485 9436 3582 9504 3529 
2 17 6587 3566 6428 11540 18301 6317 6398 18317 18308 6279 9313 11268 9282 18294 9348 6414 6380 
2 15 6398 18309 6341 413 3527 11475 11412 6591 18316 3540 3519 11459 15687 11450 9417 
2 16 9417 585 3587 6781 9709 735 18319 9691 714 15690 6718 15693 9647 18332 670 3672 
1 4 3672 6689 3682 6701 
1 23 6701 3668 700 6748 15691 6758 11706 9753 6620 11429 9455 6486 6516 18333 520 3529 9504 17440 533 9516 509 500 11459 
2 4 3734 3752 3765 3587 
1 4 3734 9696 3760 719 
1 17 3653 772 18338 3658 18356 1530 15130 1599 18355 1539 11674 15129 11645 4477 4614 1536 7495 
2 7 7661 7495 18349 4458 7624 4463 6701 
1 5 10472 6991 16228 16230 11853 
2 10 3686 705 3722 568 737 767 3573 14394 3767 11405 
2 13 6474 6493 3479 502 6530 3531 418 9556 3409 11439 9489 9552 11475 
1 6 418 9449 3492 558 18325 3580 
2 13 6124 9214 6089 3167 3066 73 11075 9200 3135 143 11143 2996 9131 
2 13 9131 11189 9207 6189 11168 11083 3163 9107 172 3140 11174 70 9197 
1 2 9197 11068 
3 21 3151 149 11068 9164 18266 6035 6086 9111 187 9333 3321 11224 226 11315 3215 11250 18251 3358 3259 14457 6380 
1 20 3151 18261 79 6197 18287 117 18265 9234 320 9331 11234 18255 3344 3235 6367 287 11349 18258 366 3358 
2 13 3580 9328 11310 18318 9355 9411 18273 300 212 6262 6396 6290 9348 
1 17 6414 3391 3327 274 11369 3345 9301 6252 3335 3306 288 3225 9566 18227 6508 11489 6458 
2 6 6458 3480 9506 18306 546 9288 
1 4 418 11397 3557 11504 
2 7 11504 559 9519 18240 9543 11557 6458 
1 20 11557 18246 525 3494 9465 18232 11438 458 3452 6451 6423 18244 11437 18231 472 6776 6474 18307 9430 9417 
1 2 11405 11437 
1 7 3452 409 6597 3575 16163 3757 754 
2 12 11670 16162 741 754 14390 9423 9481 476 15810 11464 6593 11514 
2 5 9465 6497 11490 18220 476 
1 17 9289 3378 3350 6373 6319 489 11453 18224 9568 441 11514 3470 11543 6435 572 513 422 
2 9 3350 331 386 14558 11370 11285 216 11322 3331 
1 17 9289 3331 14572 11241 9323 6249 6326 3219 14372 6459 310 14592 3255 10323 14612 1925 9340 
2 5 11241 323 354 6293 11234 
1 4 3331 11220 11290 306 
2 8 306 3362 6387 9382 11254 335 401 3327 
1 5 11230 9371 18303 6344 1890 
1 3 9288 1890 3350 
2 8 476 6455 462 438 3483 19178 19174 11479 
1 7 18261 11080 181 6139 3053 11097 11202 
1 4 181 3120 461 4640 
2 25 4640 456 11443 11127 11426 14610 3152 1916 14609 6381 3174 11291 9317 9240 9340 1940 6342 6222 1250 9483 6376 14579 1215 6360 6296 
1 9 3174 14604 14607 14605 9221 592 627 415 11202 
1 4 9262 14597 3354 9483 
1 2 6314 3354 
1 5 6314 3288 348 11265 6332 
2 11 11370 11216 9236 14549 9359 9304 3309 6359 318 347 11301 
1 8 11370 14560 406 14563 14571 15604 1045 3320 
2 6 310 14586 14395 14573 14570 3320 
1 5 6296 440 327 14574 14570 
1 7 3320 14567 623 15602 13206 3393 347 
1 5 560 6280 3496 18221 6435 
1 9 3338 312 6102 3130 9130 72 75 9199 9131 
1 24 70 11059 11153 6057 90 11159 9118 3033 11092 155 11212 11175 6021 94 9195 3189 86 3008 9162 6181 3121 9201 11117 3134 
1 7 6332 395 3384 14568 6407 1245 6296 
2 15 395 266 9327 11386 11357 11301 290 3392 18222 11441 422 15683 19175 19164 11479 
1 4 6332 6402 3380 362 
2 16 3380 3351 15640 6347 6321 9290 6567 19183 12562 15680 9521 11399 6484 9494 6580 422 
1 5 19183 12562 19182 9544 290 
2 11 19183 3544 19181 9400 9508 548 3230 15611 3324 389 362 
1 10 3380 389 334 11288 11260 9252 9387 6236 537 9496 
2 9 11372 9361 9334 6334 6282 349 3340 9388 321 
1 4 11372 11343 9263 362 
2 5 321 293 268 3367 11444 
2 3 6282 3207 9496 
3 7 9496 11505 3572 6595 552 3545 9570 
1 3 11467 9457 3414 
1 5 3414 3583 6464 15609 9427 
2 5 6464 506 3586 584 493 
2 7 9427 19177 11430 6416 3482 6511 3544 
1 3 6511 3458 9521 
2 2 3482 3458 
1 3 9494 9558 19164 
2 9 9427 15816 15815 6499 15814 19166 536 19165 11479 
1 13 19174 18820 6460 11411 3743 9548 6761 744 3741 9701 11652 9651 3663 
2 3 3663 18200 9617 
1 16 657 18214 6677 18204 11603 9617 18200 3636 3639 637 3645 11657 3649 9606 11787 3617 
1 10 541 11679 6561 9690 9660 15978 11625 6670 3623 619 
2 5 9692 9539 541 3484 9551 
2 7 9660 956 6716 3713 730 11659 3696 
1 18 3663 660 6695 6709 18207 676 18210 6711 6714 3709 3696 713 16160 746 3548 11691 6586 3581 
1 4 3581 3550 581 9551 
1 3 3583 11539 9551 
1 5 9660 15977 11663 9676 6720 
1 15 11663 6703 18205 682 3670 14418 18153 11581 624 18154 9595 16175 18163 6647 619 
2 4 11581 3654 6650 9627 
2 5 619 3617 18150 11580 11586 
1 4 11586 11583 6634 15653 
2 8 15653 18152 9602 15648 18184 18182 11832 3882 
1 6 6940 18165 9890 15649 15650 15653 
2 14 9602 11887 11868 18450 949 3908 18189 6923 9862 11905 3893 6895 16254 9833 
1 8 949 3971 3952 3819 6842 18158 9769 9783 
1 5 3882 18179 3833 3526 11818 
2 9 11818 10163 3844 6930 3973 16187 16186 16183 4109 
1 5 11767 14446 9875 9914 13255 
1 7 6650 15674 3601 15615 18183 14660 3924 
1 2 3943 14660 
1 8 15674 13252 11564 11735 599 6626 17987 9627 
2 2 3324 279 
1 4 279 11232 388 6558 
2 5 6558 17 11515 493 9508 
3 5 6282 3312 11444 6521 9496 
2 4 9570 6462 9511 11467 
3 5 6521 9428 6441 6559 514 
2 6 321 11305 9320 9347 18132 6389 
1 3 9320 9294 11305 
1 10 9294 9264 9238 3522 9375 526 6377 3395 6325 9347 
3 4 3522 18135 3499 6521 
3 4 3522 6487 425 3561 
1 5 6487 6582 3535 11481 514 
2 13 3535 538 15844 482 6421 9416 11544 9572 15826 9557 11417 3397 6488 
2 4 6421 11404 6470 3585 
3 8 3585 3418 6440 11542 9429 583 421 6562 
2 4 3414 15838 6562 3569 
2 9 3585 6418 9421 9541 543 18121 6552 9527 11666 
1 4 9692 6739 15822 11666 
1 4 3569 557 3718 6739 
1 4 6377 11493 3355 564 
1 4 564 6513 6524 3561 
1 6 6377 15823 405 9509 18141 6535 
3 5 495 6535 18139 3524 6488 
1 6 3326 3234 247 11346 11388 18141 
2 4 3326 309 6349 6325 
1 2 309 374 
1 7 9347 3368 3231 11366 332 13263 399 
2 6 13263 3277 3325 3260 6393 6287 
1 5 3277 6364 4030 6235 394 
1 10 309 18138 241 11360 18134 11318 9335 6336 6286 9363 
1 7 11360 336 11264 11233 15854 15853 495 
1 3 564 9443 6535 
2 5 11542 9414 469 573 514 
2 4 9515 3299 571 11544 
1 6 3561 3500 9524 18133 11533 3524 
1 2 564 11533 
1 4 9515 9681 3703 9665 
2 5 9665 15599 11651 704 11666 
1 4 11666 9661 6690 9648 
1 3 11651 9679 6690 
2 5 9648 18120 18122 665 3654 
1 4 692 11653 3541 3299 
1 5 9681 3688 707 9652 692 
1 14 9665 3684 688 15847 11634 673 11618 9633 9636 6678 6680 11623 18125 663 
1 3 692 3705 708 
2 4 11544 11529 9545 11499 
2 6 11499 9517 6581 3574 589 6488 
2 2 708 11499 
2 11 9517 3530 3558 563 11531 18136 15849 11494 3423 18144 587 
2 5 6488 11560 11547 15848 11531 
2 4 3530 6542 6712 3692 
1 5 3692 11640 694 15831 18125 
1 7 692 6693 11638 9655 6934 3679 15831 
1 3 11499 519 6934 
2 5 3423 11470 9575 6583 9418 
3 3 6488 6444 3423 
1 4 3423 529 6570 6469 
1 2 587 3444 
3 2 495 6469 
3 4 9363 6241 391 15982 
1 4 391 18113 15172 3314 
2 7 9363 15980 14869 18143 3512 3444 6469 
2 4 587 9522 11562 11519 
1 4 11519 18118 13068 516 
3 2 516 6598 
1 3 6598 3262 15982 
2 5 516 13068 3516 9444 9418 
1 3 516 18116 6560 
1 6 516 18116 18114 11483 18115 575 
1 2 11548 18115 
1 6 754 3707 565 723 6747 9701 
1 4 17987 11595 9613 6673 
1 6 6673 11612 3673 6687 9650 9679 
1 6 6673 3657 14648 656 6656 11584 
1 3 11584 628 6626 
2 4 11584 17997 17999 603 
1 5 11584 9582 14644 6793 14664 
2 18 11618 11615 11598 14646 9598 603 18001 14643 3776 773 11726 3780 607 9600 18147 18123 661 663 
2 3 14664 11734 14643 
2 9 9503 6529 678 6683 18146 9620 9638 18145 663 
2 5 9620 9618 636 11601 663 
2 5 636 6635 776 14642 11726 
2 4 14642 9741 14641 6788 
2 8 9741 11730 6780 9745 6609 6784 3589 6613 
2 17 3589 780 762 11713 958 15234 11834 911 15193 15236 13580 9909 14476 11891 13586 14637 6788 
2 4 6788 13587 15619 6973 
1 7 6973 6946 11833 6875 6862 11751 9904 
1 9 11751 9750 14651 9879 9907 1616 6985 6606 14664 
1 10 6793 782 9924 967 925 6926 14654 14652 11882 9904 
1 7 925 14656 9838 6831 3966 6939 883 
2 6 819 11803 883 6843 9784 11837 
1 6 11998 11837 9856 10027 12098 12066 
2 8 9990 12066 3901 10027 3968 851 955 819 
1 5 9904 11846 923 9826 819 
1 2 4159 4014 
2 4 10074 3857 1156 4159 
1 4 11773 11874 11824 9772 
1 4 13587 3773 6790 11726 
1 3 6790 9752 14664 
2 10 958 11877 15198 9898 15199 6960 15186 15185 15182 9824 
1 3 9824 854 9764 
2 8 9764 6812 6836 6966 3873 6817 9896 6906 
1 10 6906 6959 9889 4098 10024 10109 7111 7196 1192 1176 
1 3 12038 11956 1192 
1 5 6766 943 6917 15217 6960 
2 11 6766 15221 15204 15205 11699 11697 15246 9710 15114 6756 740 
1 5 9710 743 15250 6777 9737 
2 24 9737 9717 11720 6775 9734 15213 9751 16318 620 3626 651 669 3671 9492 6533 512 9725 9507 9523 11506 9561 454 3476 11420 
2 4 11483 18112 13383 3476 
1 2 11420 9500 
1 4 485 6569 9534 11506 
1 2 9434 11563 
2 4 11563 9578 3549 9507 
2 7 3549 3534 553 11521 11535 3579 6449 
2 11 3552 6572 9525 9495 17996 527 3495 3509 11463 6547 9507 
2 9 9492 13915 9478 13854 503 11465 9510 15388 6536 
2 4 6657 15253 13889 3671 
2 10 3671 14371 11596 629 16317 15254 595 15255 11565 9737 
1 4 595 3598 14403 620 
2 6 620 3621 6648 11576 9607 3594 
1 4 6613 15436 13468 3594 
2 9 13468 15241 769 15238 3754 15230 15223 6962 6960 
2 4 6766 15216 15226 6775 
2 6 3594 18002 667 9644 6518 512 
2 7 6613 17989 11794 648 3652 9642 6698 
2 11 678 698 6698 9658 6531 3533 9490 3506 6949 11518 11506 
2 4 11506 11491 15365 3506 
2 9 6949 551 11732 3533 6545 5291 11516 15850 6529 
2 4 11531 3629 11502 9559 
1 2 6583 9559 
2 2 11502 15850 
2 8 9561 11549 15655 13011 15656 3447 13081 3516 
2 2 11518 11549 
2 3 15655 3402 454 
2 3 3506 3669 3652 
2 13 1176 1090 7068 7198 4182 1178 7183 4080 11749 11798 931 9925 13230 
2 4 6948 3810 3871 875 
1 3 875 6744 7198 
1 2 875 1178 
1 3 4182 10009 9979 
1 3 1178 13231 10094 
1 2 7183 1048 
1 13 3986 9881 6948 985 11780 6866 13230 9877 3926 844 11768 924 11805 
1 7 3986 9767 3938 977 3820 9827 9846 
2 4 6867 13232 9846 11825 
1 4 6867 11756 9839 13230 
2 11 11805 15351 3861 799 6924 9817 11673 6734 9689 11710 758 
1 10 758 6955 11692 11677 11840 3725 3727 3918 918 11825 
1 11 11825 4024 3920 6746 726 3729 11707 6749 9703 11688 740 
1 7 11825 6936 903 885 11854 3735 740 
1 6 3735 11852 3902 6903 6878 3816 
2 9 915 11821 9813 3816 813 11766 9785 6993 977 
2 4 3816 13223 3954 6966 
1 6 3816 11737 17970 871 3799 6906 
2 4 10024 1093 9903 832 
1 7 1093 11884 832 942 9757 6914 9767 
1 4 9767 9852 6879 3945 
1 7 1176 4095 12083 9828 9778 11863 3986 
1 6 6880 9765 3866 980 970 11768 
1 14 3151 18292 3060 9100 9206 11162 3050 6150 3187 18435 9061 3068 9169 3125 
1 10 9206 6082 18441 11056 9183 3161 67 9167 6144 9129 
1 4 6108 11211 9194 3083 
1 6 6108 9129 11172 32 3009 9038 
1 9 3122 18438 9038 6138 11033 6141 9056 9163 165 
1 12 11056 165 11043 136 11141 9104 3125 11079 18434 9106 6212 11121 
1 38 11121 158 11081 11164 11125 9147 6125 18362 6165 9108 6083 6161 9220 11067 118 11185 6063 130 205 3108 46 11052 11049 3111 11118 6038 3022 9139 18390 11206 9227 9135 11028 3021 9157 11078 11184 6115 
1 9 9157 27 11037 3059 18388 9170 6145 18415 122 
1 8 9096 6151 9036 3094 144 9204 18368 6115 
1 8 6115 18383 18369 147 69 11070 295 383 
1 6 9279 11376 6120 11160 11327 11215 
2 20 9279 6345 9362 6412 18411 3307 383 6331 6406 3286 3375 3063 6188 9209 9109 11188 18359 11082 161 6050 
1 11 6050 8753 9149 3182 11091 9117 49 9051 125 9035 3108 
2 12 11082 9308 9393 6397 9406 9329 13265 18364 11231 9300 18409 11376 
1 10 192 9178 18406 101 3095 11155 9226 9186 3104 9108 
1 6 9833 11829 16207 11811 904 6871 
2 6 11747 11784 9806 6808 3951 6871 
2 8 6871 3786 856 981 11898 9921 928 4112 
1 4 11747 9844 6938 979 
1 11 11747 804 11844 3807 921 3870 6977 9777 3935 9915 11881 
2 4 11746 806 16256 3889 
1 11 9878 3876 11860 9861 9755 6807 9763 9830 16255 16250 11746 
2 3 3951 3983 9878 
1 4 9921 11778 16215 6912 
1 6 4112 6992 3927 11796 6945 9878 
1 5 7620 16244 9912 9893 3889 
1 5 9817 889 845 874 6867