state = {
	id = 1017
	name = "EAST_ANTARCTICA"
	manpower = 10
	impassable = yes
	
	state_category = wasteland

	history={
		owner = ZZZ
		#add_core_of = ZZZ
		victory_points = {
			17744 1
		}
	}

	provinces={
		16388 16393 16395 16396 16400 16401 16404 16406 16407 16411 16412 16417 16419 16424 16432 16435 16441 16445 16449 16450 17562 17564 17570 17573 17575 17578 17582 17586 17595 17596 17600 17602 17614 17620 17624 17626 17630 17640 17644 17647 17650 17651 17652 17659 17662 17665 17674 17679 17684 17685 17691 17694 17696 17697 17698 17701 17703 17706 17707 17711 17712 17717 17720 17721 17729 17736 17738 17740 17744 17746 17752 17753 17760 17763 17764 17767 17768 17771 17788 17789 17803 
	}

	local_supplies=0.0 
}
