state={
	id=714
	name="STATE_714"

	history={
		owner = CHI
		add_core_of = CHI
		
		buildings = {
			infrastructure = 2

		}

	}

	provinces={
		1502 1545 1588 1645 1693 1732 4506 4561 4592 4649 4894 6802 7526 7582 7613 7767 7812 7832 7848 7897 8268 8320 10368 10379 10675 10698 12485 12537 12548 12618 14622 16943 16947 19463 19467 19472 19479 19487 19543 19548 19561 19566 19619 19813 19825 19828 19830 19831 19848 19851 19855 19868 19871 19873 19887 19888 19905 19919 
	}
	manpower=3694191
	buildings_max_level_factor=1.000
	state_category=pastoral

	local_supplies=0.0 
}
